0 0.101336 0.724949 0.185757 0.521218
0 0.439429 0.514251 0.280571 0.786015
0 0.178286 0.412297 0.047600 0.081751
0 0.238186 0.660571 0.030200 0.083579
0 0.608521 0.726091 0.060386 0.272843
0 0.751593 0.315025 0.053757 0.132792
0 0.815071 0.305025 0.047600 0.109137
0 0.940993 0.528706 0.069100 0.143604
0 0.924107 0.617411 0.058871 0.130051
0 0.659443 0.765558 0.047686 0.120964
0 0.090757 0.206764 0.032257 0.079924
0 0.134264 0.238135 0.032243 0.068299
0 0.182350 0.223629 0.024129 0.060914
0 0.179571 0.308160 0.023543 0.060838
0 0.635179 0.307297 0.030643 0.100939
0 0.666600 0.306383 0.033314 0.082766
0 0.648957 0.229492 0.032771 0.076294
0 0.714486 0.467817 0.037886 0.085482
0 0.247907 0.708363 0.025071 0.059112
0 0.927279 0.265939 0.041157 0.100406
0 0.748521 0.134975 0.035014 0.078579
0 0.836671 0.240292 0.031943 0.062208
0 0.586364 0.060761 0.042386 0.082944
0 0.617386 0.086409 0.017200 0.055660
0 0.667757 0.066764 0.035629 0.077487
0 0.723329 0.038553 0.027914 0.063299
0 0.632086 0.153591 0.018571 0.057386
0 0.672586 0.137094 0.020143 0.051751
0 0.684357 0.213579 0.017571 0.045939
0 0.692729 0.085698 0.021571 0.055558
0 0.798800 0.047487 0.021143 0.050761
0 0.890900 0.262728 0.021800 0.054848
0 0.871300 0.332398 0.028429 0.054036
0 0.248414 0.496548 0.027371 0.073401
0 0.270979 0.047525 0.034929 0.090584
0 0.036571 0.106751 0.041571 0.088325
