0 0.931378 0.318800 0.108000 0.117778
0 0.370267 0.157467 0.127111 0.139111
0 0.219600 0.188133 0.121778 0.130222
0 0.313822 0.227467 0.065778 0.100444
0 0.485822 0.209689 0.072889 0.073778
0 0.753578 0.183689 0.109822 0.111556
0 0.731378 0.315689 0.104444 0.104444
0 0.819822 0.273467 0.089333 0.084889
0 0.350489 0.779689 0.077778 0.098222
0 0.407822 0.470578 0.052000 0.062222
0 0.430489 0.408133 0.036889 0.050222
0 0.577822 0.425911 0.064889 0.065333
0 0.514933 0.827689 0.055556 0.065333
0 0.454711 0.601244 0.088889 0.094222
0 0.497156 0.469689 0.061778 0.071111
0 0.316933 0.474356 0.053333 0.068889
0 0.331822 0.406800 0.056444 0.066222
