0 0.088843 0.208566 0.031571 0.082107
0 0.134143 0.238249 0.032486 0.069898
0 0.182214 0.226142 0.022429 0.055330
0 0.585807 0.055761 0.030671 0.077310
0 0.531571 0.096789 0.026543 0.069924
0 0.251750 0.499226 0.022414 0.066675
0 0.940493 0.532437 0.072329 0.131777
0 0.919629 0.619746 0.051000 0.128477
0 0.635900 0.310863 0.026886 0.087310
0 0.448321 0.510609 0.303786 0.746345
0 0.647486 0.230964 0.037086 0.065888
0 0.815314 0.308401 0.046371 0.098832
0 0.666493 0.304289 0.038014 0.087310
0 0.750086 0.313033 0.053543 0.123579
0 0.100743 0.707348 0.198143 0.469924
0 0.270057 0.047170 0.031571 0.094340
0 0.035307 0.106954 0.044386 0.101624
0 0.121793 0.039061 0.017843 0.045533
0 0.178993 0.416294 0.047129 0.086193
