0 0.390633 0.291963 0.022933 0.037925
0 0.255383 0.131775 0.016867 0.044100
0 0.591833 0.148875 0.025000 0.051750
0 0.231883 0.441275 0.166733 0.383500
0 0.383250 0.466000 0.154567 0.337650
0 0.521833 0.512400 0.031800 0.070000
0 0.473617 0.508250 0.019700 0.048200
0 0.565892 0.426350 0.021783 0.044050
0 0.715325 0.212212 0.198083 0.422525
0 0.843658 0.600725 0.052550 0.114900
0 0.985983 0.376400 0.018067 0.054750
0 0.962833 0.306138 0.023367 0.069425
0 0.523800 0.557650 0.009833 0.022500
0 0.542025 0.546063 0.008950 0.018025
0 0.544683 0.578650 0.014300 0.033000
0 0.530542 0.581400 0.015017 0.038500
0 0.505275 0.644288 0.023883 0.046775
0 0.375017 0.736125 0.025667 0.051250
