0 0.120583 0.416662 0.018833 0.052825
0 0.627008 0.274675 0.031350 0.073350
0 0.129750 0.342913 0.022800 0.057225
0 0.099167 0.350550 0.042000 0.105750
0 0.355950 0.407825 0.022800 0.059050
0 0.048233 0.241775 0.019867 0.040500
0 0.816317 0.473225 0.107133 0.239450
0 0.343583 0.301650 0.021500 0.051700
0 0.575050 0.104425 0.021133 0.048600
0 0.070333 0.349912 0.021067 0.053675
0 0.338583 0.141775 0.017400 0.039500
0 0.270217 0.229687 0.018567 0.048275
0 0.148667 0.220500 0.023333 0.053500
0 0.185692 0.436063 0.021617 0.060375
0 0.727550 0.030725 0.019867 0.045350
0 0.219550 0.151825 0.023500 0.060750
0 0.256467 0.558125 0.036000 0.091800
0 0.675775 0.147925 0.025783 0.060250
0 0.101575 0.418575 0.018183 0.045500
0 0.726967 0.276525 0.023900 0.060050
0 0.308742 0.392237 0.022483 0.055425
0 0.565342 0.267750 0.020017 0.051750
0 0.365017 0.288275 0.018167 0.050550
0 0.341600 0.113437 0.018000 0.044775
0 0.747433 0.281888 0.022400 0.045275
0 0.607842 0.099663 0.028017 0.068675
0 0.399717 0.237287 0.019100 0.049575
0 0.139233 0.283338 0.021133 0.051125
0 0.257950 0.135075 0.018000 0.039050
0 0.671375 0.192425 0.023617 0.054300
0 0.084367 0.286063 0.022633 0.042475
0 0.597133 0.080500 0.032167 0.067500
0 0.415708 0.417125 0.031917 0.074250
0 0.156817 0.398000 0.021500 0.041250
0 0.265617 0.455000 0.029900 0.065750
0 0.095800 0.216075 0.032667 0.074250
0 0.177583 0.378025 0.024833 0.058400
0 0.969900 0.528375 0.049533 0.116200
0 0.030517 0.448750 0.024967 0.063000
0 0.356883 0.136288 0.020233 0.042575
0 0.807042 0.322712 0.023917 0.053075
0 0.347800 0.466513 0.030000 0.065525
0 0.415300 0.241812 0.012067 0.036975
0 0.920792 0.091200 0.032550 0.057450
0 0.163233 0.444575 0.024833 0.071250
0 0.724975 0.195587 0.024350 0.057125
0 0.160875 0.302863 0.024483 0.060975
0 0.159517 0.277788 0.022800 0.047075
0 0.139467 0.458625 0.023333 0.045750
0 0.778017 0.204500 0.021667 0.051250
0 0.847775 0.133200 0.038217 0.088400
0 0.242917 0.233188 0.041167 0.093325
0 0.173967 0.315400 0.020667 0.048600
0 0.272633 0.078325 0.021333 0.048750
0 0.106383 0.270025 0.018233 0.045950
0 0.456392 0.389650 0.034550 0.084600
0 0.435083 0.277400 0.018167 0.041500
0 0.786842 0.264125 0.031350 0.078000
0 0.411142 0.187563 0.014783 0.033525
0 0.908558 0.239800 0.038017 0.088550
0 0.410100 0.228687 0.013333 0.039275
0 0.388750 0.306312 0.019267 0.047675
0 0.299675 0.568563 0.030250 0.072375
0 0.161583 0.163200 0.022833 0.054450
0 0.896767 0.039363 0.024767 0.050825
0 0.428167 0.160787 0.017000 0.041425
0 0.416367 0.090512 0.018100 0.038225
0 0.376383 0.326550 0.019433 0.060000
0 0.048550 0.262925 0.031500 0.062750
0 0.256100 0.115875 0.021033 0.059500
