0 0.821500 0.121850 0.061667 0.146300
0 0.741133 0.533675 0.086267 0.212750
0 0.895167 0.384225 0.041000 0.088950
0 0.862233 0.795575 0.039800 0.087050
0 0.783000 0.202500 0.035333 0.078500
0 0.621150 0.481500 0.043700 0.085500
0 0.037083 0.768250 0.025167 0.058700
0 0.751917 0.852800 0.036500 0.087100
0 0.931500 0.741450 0.058867 0.113200
0 0.216517 0.625750 0.027367 0.061000
0 0.082850 0.904950 0.055433 0.146900
0 0.572350 0.744575 0.037300 0.116950
0 0.369467 0.095300 0.047000 0.126500
0 0.084217 0.605225 0.033167 0.069650
0 0.475717 0.727150 0.049767 0.114500
0 0.288717 0.845225 0.023900 0.063550
0 0.270050 0.929950 0.034767 0.092100
0 0.679300 0.193625 0.033333 0.071250
0 0.923650 0.402750 0.032700 0.093000
0 0.734650 0.386250 0.045967 0.079000
0 0.770150 0.088700 0.043633 0.101400
0 0.953817 0.368025 0.032367 0.063950
