0 0.082233 0.623595 0.113250 0.295476
0 0.224912 0.685905 0.035258 0.109746
0 0.963621 0.307103 0.028375 0.092556
0 0.941904 0.196135 0.031392 0.080270
0 0.616629 0.239921 0.024925 0.069683
0 0.519112 0.340706 0.015025 0.045921
0 0.508471 0.257532 0.013775 0.041730
0 0.383733 0.335937 0.010333 0.029206
0 0.344296 0.472770 0.010325 0.031000
0 0.323012 0.576802 0.010958 0.031603
0 0.683912 0.435206 0.023475 0.064381
0 0.865458 0.493635 0.028483 0.078698
0 0.301858 0.688770 0.054217 0.136778
0 0.404858 0.512270 0.015050 0.031111
0 0.852933 0.453984 0.026600 0.069746
0 0.592292 0.145476 0.018083 0.042063
0 0.450125 0.160810 0.014667 0.044286
0 0.498917 0.085730 0.010750 0.027143
0 0.639542 0.104381 0.008833 0.024444
0 0.685417 0.118349 0.010583 0.025714
