0 0.300693 0.896182 0.035802 0.073865
0 0.475974 0.766330 0.051635 0.129844
0 0.491839 0.708818 0.055990 0.130845
0 0.434010 0.697606 0.052583 0.109922
0 0.364964 0.757230 0.052594 0.109671
0 0.368188 0.679593 0.041396 0.085571
0 0.324818 0.767183 0.030885 0.069108
0 0.414703 0.813490 0.019281 0.060751
0 0.427745 0.822582 0.019302 0.044444
0 0.444687 0.940156 0.060000 0.119687
0 0.340333 0.881041 0.049792 0.102363
0 0.389313 0.917371 0.031187 0.083224
0 0.693427 0.623020 0.287063 0.534617
0 0.956177 0.261682 0.084042 0.171189
0 0.819458 0.197919 0.072750 0.065728
0 0.797958 0.356228 0.055250 0.059343
0 0.722958 0.103263 0.103750 0.134851
0 0.640776 0.191135 0.043073 0.102332
0 0.721078 0.209538 0.055552 0.089812
0 0.744932 0.245321 0.010760 0.017997
0 0.334786 0.156369 0.080490 0.188075
0 0.409531 0.042567 0.084479 0.085133
0 0.409688 0.357293 0.044562 0.093020
0 0.167729 0.031839 0.072688 0.136416
0 0.218922 0.093936 0.085760 0.174100
0 0.117391 0.149507 0.043302 0.136635
0 0.154078 0.217559 0.094594 0.180188
0 0.252526 0.234382 0.048385 0.111111
0 0.254099 0.313811 0.022406 0.067872
0 0.257229 0.367238 0.051542 0.127277
0 0.143250 0.464296 0.036708 0.092817
0 0.084250 0.438787 0.041667 0.130407
0 0.048052 0.388764 0.073250 0.141189
0 0.192146 0.668341 0.231417 0.554773
0 0.923219 0.865329 0.099354 0.198638
0 0.857078 0.689757 0.036115 0.094601
0 0.853625 0.479382 0.028646 0.049061
0 0.898599 0.431268 0.046844 0.100156
0 0.933880 0.414186 0.048406 0.114851
0 0.839755 0.952269 0.025510 0.064319
0 0.882438 0.978717 0.028250 0.042567
0 0.859047 0.969468 0.017073 0.056808
0 0.547016 0.441017 0.057531 0.134648
0 0.480906 0.516369 0.024625 0.033490
0 0.544401 0.563701 0.049635 0.120548
0 0.428104 0.528013 0.024875 0.073083
0 0.437161 0.602746 0.054865 0.123114
