0 0.026791 0.390389 0.053582 0.133710
0 0.259000 0.867845 0.024000 0.073498
0 0.081764 0.281113 0.092109 0.251625
0 0.430000 0.907438 0.038000 0.094947
0 0.733118 0.759276 0.042527 0.072968
0 0.616400 0.899099 0.024436 0.058905
0 0.396982 0.915795 0.029855 0.085300
0 0.354200 0.952261 0.048873 0.101343
0 0.487009 0.940866 0.036200 0.066820
0 0.285182 0.414223 0.051964 0.105336
0 0.292545 0.877915 0.024182 0.062544
0 0.412482 0.180919 0.221255 0.361837
0 0.558718 0.952403 0.046600 0.095194
0 0.795418 0.839770 0.046545 0.106608
0 0.757555 0.326254 0.057000 0.147703
0 0.376164 0.671360 0.049782 0.130989
0 0.836891 0.907420 0.054073 0.121625
0 0.380836 0.768975 0.023345 0.072367
0 0.395164 0.809399 0.030764 0.069470
0 0.982264 0.186996 0.052927 0.138163
0 0.220200 0.422527 0.049055 0.109364
0 0.225818 0.881661 0.022727 0.056537
0 0.231973 0.923498 0.024455 0.050530
0 0.545255 0.425689 0.063309 0.131025
0 0.301036 0.824346 0.030800 0.064170
0 0.373527 0.541643 0.029855 0.107951
0 0.537900 0.902597 0.031218 0.060671
0 0.333864 0.781272 0.030309 0.073004
0 0.122809 0.452862 0.071473 0.089682
0 0.951873 0.695972 0.086400 0.174982
0 0.502845 0.801060 0.065145 0.114488
0 0.680118 0.484382 0.090636 0.225088
0 0.243591 0.068604 0.126636 0.137208
0 0.917264 0.633110 0.052491 0.094982
0 0.183836 0.688816 0.069127 0.157986
0 0.736036 0.889611 0.041345 0.088905
0 0.113009 0.595618 0.103073 0.266643
0 0.209018 0.801449 0.041236 0.120565
0 0.444727 0.586078 0.129818 0.292792
0 0.187745 0.386396 0.059782 0.133922
0 0.558491 0.678834 0.132109 0.298940
0 0.433845 0.783905 0.028491 0.074735
0 0.339527 0.594859 0.043418 0.101095
0 0.271700 0.882367 0.022091 0.067491
0 0.280564 0.504682 0.040036 0.106537
0 0.330918 0.634823 0.028964 0.089788
0 0.558218 0.108534 0.096291 0.211908
0 0.663918 0.787367 0.050709 0.095936
0 0.647164 0.661254 0.033491 0.066820
0 0.763082 0.509982 0.034382 0.081590
0 0.224091 0.699470 0.027964 0.057244
