0 0.210831 0.379531 0.022405 0.057713
0 0.273939 0.404340 0.019824 0.059472
0 0.290474 0.434179 0.033754 0.078065
0 0.043646 0.123702 0.024321 0.051804
0 0.315743 0.059406 0.031369 0.081364
0 0.227273 0.734252 0.018651 0.053519
0 0.129834 0.421158 0.037302 0.102581
0 0.334697 0.074978 0.016823 0.041276
0 0.106041 0.203424 0.017752 0.046349
0 0.137556 0.883431 0.024751 0.060968
0 0.140391 0.300528 0.022053 0.058768
0 0.190934 0.019699 0.023607 0.035792
0 0.046686 0.167647 0.022131 0.039076
0 0.241461 0.788959 0.030000 0.090029
0 0.258671 0.664912 0.027801 0.076158
0 0.285909 0.017339 0.022375 0.034677
0 0.275283 0.688754 0.037097 0.103695
0 0.036329 0.750982 0.029589 0.064428
0 0.317273 0.190704 0.024927 0.066393
0 0.541422 0.473358 0.391760 0.834164
0 0.155538 0.502764 0.023353 0.067170
0 0.089130 0.316276 0.026276 0.060352
0 0.218050 0.083006 0.021398 0.052933
0 0.274169 0.470521 0.020596 0.029370
0 0.198832 0.121496 0.022375 0.047478
