0 0.443968 0.436025 0.013723 0.034972
0 0.374996 0.460253 0.017123 0.037921
0 0.392047 0.405407 0.013281 0.034691
0 0.403075 0.437219 0.013043 0.034551
0 0.415826 0.408919 0.014103 0.030478
0 0.715372 0.487458 0.008783 0.018680
0 0.695968 0.442022 0.013755 0.026685
0 0.721897 0.432949 0.015020 0.029382
0 0.741660 0.432823 0.012806 0.031601
0 0.708814 0.578118 0.008775 0.024157
0 0.708300 0.506419 0.013597 0.031039
0 0.658893 0.473553 0.011858 0.026264
0 0.695613 0.475730 0.010514 0.021067
0 0.705609 0.479298 0.011391 0.024326
0 0.374300 0.390449 0.014941 0.032303
0 0.426316 0.385112 0.012569 0.027247
0 0.410506 0.383919 0.011462 0.028511
0 0.678063 0.625028 0.020474 0.043820
0 0.701028 0.588511 0.015652 0.034551
0 0.222435 0.453308 0.016158 0.031053
0 0.221960 0.519213 0.015858 0.026938
0 0.256889 0.574860 0.019787 0.039831
0 0.263336 0.545864 0.011510 0.022851
0 0.242237 0.597451 0.017439 0.041531
0 0.270411 0.477324 0.013850 0.029874
0 0.247676 0.453897 0.016522 0.036896
0 0.340324 0.557872 0.021723 0.062093
0 0.298613 0.596826 0.016783 0.039242
0 0.368004 0.588919 0.019787 0.048034
0 0.287850 0.398652 0.015383 0.027331
0 0.267518 0.441854 0.013739 0.027331
0 0.153628 0.459185 0.018957 0.027837
0 0.288399 0.425260 0.015929 0.030267
0 0.308731 0.441124 0.010443 0.027837
0 0.280846 0.510681 0.012364 0.026362
0 0.326589 0.646636 0.018680 0.047346
0 0.376182 0.504094 0.021708 0.043441
0 0.384292 0.551692 0.018134 0.040997
0 0.382368 0.362774 0.016482 0.040997
0 0.443364 0.347886 0.016482 0.034649
0 0.474273 0.388160 0.020055 0.047837
0 0.453391 0.376931 0.015668 0.035154
0 0.516996 0.402802 0.018688 0.044902
0 0.513419 0.347640 0.015375 0.040028
0 0.552988 0.365211 0.013186 0.032219
0 0.569478 0.359846 0.013186 0.035140
0 0.732407 0.267830 0.019787 0.049312
0 0.757960 0.529972 0.018134 0.041489
0 0.710289 0.349108 0.023360 0.050772
0 0.652316 0.332753 0.013470 0.032697
0 0.571810 0.414768 0.011810 0.032711
0 0.579178 0.459853 0.013739 0.030267
0 0.823202 0.392985 0.027194 0.050126
0 0.642881 0.527662 0.022775 0.042879
0 0.757087 0.593792 0.017336 0.039860
0 0.118996 0.265976 0.036569 0.063947
0 0.085490 0.331875 0.026648 0.052233
0 0.080957 0.349937 0.026372 0.047346
0 0.134538 0.392893 0.022530 0.043455
0 0.165585 0.286959 0.023628 0.056138
0 0.243202 0.344326 0.023905 0.047837
0 0.271364 0.321383 0.021431 0.053694
0 0.229462 0.363111 0.020601 0.048329
0 0.219435 0.402170 0.019787 0.037598
0 0.331810 0.427310 0.024727 0.056615
