0 0.292317 0.430381 0.037165 0.084927
0 0.260489 0.664340 0.033509 0.083402
0 0.224242 0.736767 0.022111 0.052155
0 0.036564 0.751862 0.025601 0.064311
0 0.136413 0.885337 0.024340 0.057185
0 0.923475 0.399084 0.038739 0.102595
0 0.903959 0.462390 0.021994 0.044721
0 0.965626 0.585894 0.039150 0.088475
0 0.916168 0.616496 0.021505 0.054252
0 0.922815 0.658284 0.024047 0.048974
0 0.703812 0.319501 0.027761 0.048387
0 0.664809 0.208065 0.028152 0.065396
0 0.946437 0.171826 0.025230 0.067463
0 0.512063 0.524421 0.387879 0.874238
0 0.129604 0.420447 0.037722 0.102771
0 0.140503 0.302405 0.021945 0.056804
0 0.089629 0.316202 0.026373 0.061584
0 0.210484 0.379619 0.022414 0.059941
0 0.272263 0.401298 0.023001 0.055968
0 0.155191 0.502830 0.024555 0.068475
0 0.273680 0.691789 0.038661 0.099443
