0 0.098350 0.723744 0.196700 0.519721
0 0.449429 0.504239 0.264886 0.743655
0 0.034614 0.107195 0.036543 0.092107
0 0.087971 0.210368 0.028229 0.076015
0 0.134857 0.237754 0.025143 0.069416
0 0.182221 0.225901 0.023243 0.059569
0 0.066714 0.304480 0.020657 0.052970
0 0.179314 0.309416 0.022057 0.058477
0 0.196943 0.330838 0.016971 0.041371
0 0.122257 0.354289 0.017143 0.045381
0 0.142229 0.383490 0.015600 0.038604
0 0.117371 0.378503 0.016286 0.034721
0 0.016543 0.350787 0.015657 0.037766
0 0.029086 0.383680 0.015943 0.037157
0 0.121107 0.043591 0.017157 0.042766
0 0.269914 0.045888 0.030971 0.088325
0 0.318379 0.210812 0.031043 0.092640
0 0.354036 0.212754 0.030871 0.079315
0 0.267986 0.252678 0.014543 0.045812
0 0.316543 0.349239 0.015286 0.044416
0 0.245286 0.389467 0.013143 0.036802
0 0.291300 0.345000 0.012029 0.038325
0 0.302686 0.447018 0.043286 0.117640
0 0.250686 0.495241 0.027000 0.074239
0 0.234971 0.519036 0.016143 0.041878
0 0.228664 0.488718 0.011671 0.034898
0 0.219879 0.531079 0.010529 0.026421
0 0.595643 0.721523 0.079857 0.260152
0 0.655643 0.759201 0.045857 0.110178
0 0.668579 0.674277 0.013443 0.041954
0 0.684657 0.716574 0.015857 0.036548
0 0.689507 0.685228 0.011271 0.030711
0 0.634207 0.625901 0.020443 0.072919
0 0.646636 0.550063 0.023043 0.074391
0 0.671586 0.571028 0.028857 0.085812
0 0.691071 0.586574 0.023571 0.068985
0 0.714586 0.466066 0.032857 0.083249
0 0.708586 0.516701 0.020286 0.037310
0 0.733300 0.509213 0.021714 0.064975
0 0.742229 0.629391 0.015571 0.045431
0 0.768714 0.559645 0.023143 0.061675
0 0.669071 0.063452 0.026571 0.074112
0 0.800007 0.602183 0.016300 0.048985
0 0.795150 0.520635 0.016586 0.047716
0 0.852086 0.528249 0.021571 0.059391
0 0.858586 0.466193 0.016857 0.039848
0 0.778471 0.445838 0.020171 0.050102
0 0.803650 0.453249 0.014729 0.038832
0 0.808150 0.491142 0.014014 0.038020
0 0.688336 0.408452 0.015729 0.043655
0 0.609721 0.409835 0.016014 0.041396
0 0.607079 0.307855 0.019014 0.050787
0 0.636936 0.306015 0.031014 0.094924
0 0.664064 0.302678 0.029329 0.087335
0 0.654079 0.348033 0.013871 0.037589
0 0.648036 0.231662 0.025729 0.072817
0 0.685371 0.211878 0.018429 0.051015
0 0.751864 0.311840 0.050871 0.132310
0 0.789086 0.393604 0.017286 0.056091
0 0.807793 0.397398 0.021014 0.057132
0 0.714229 0.335482 0.023857 0.061168
0 0.726443 0.330787 0.013143 0.049746
0 0.708514 0.291574 0.012143 0.033249
0 0.816836 0.308782 0.035786 0.101015
0 0.835929 0.233249 0.020143 0.054518
0 0.237229 0.661954 0.027714 0.077614
0 0.248757 0.712221 0.020200 0.048756
0 0.289657 0.621878 0.013429 0.038071
0 0.268943 0.592817 0.010571 0.027665
0 0.213443 0.632678 0.019629 0.056624
0 0.181600 0.415977 0.048343 0.086269
0 0.731057 0.769645 0.038514 0.108782
0 0.880407 0.814594 0.122929 0.243401
0 0.825914 0.749670 0.153314 0.254822
0 0.942107 0.525749 0.056529 0.140330
0 0.926079 0.623261 0.047557 0.123325
0 0.960157 0.606256 0.037114 0.090838
0 0.872529 0.330317 0.026714 0.057843
0 0.880764 0.393756 0.022957 0.060660
0 0.924907 0.264010 0.041357 0.103807
0 0.889421 0.262360 0.021814 0.056650
0 0.904336 0.374937 0.030643 0.077843
0 0.977850 0.188718 0.043014 0.088807
0 0.928721 0.152551 0.024757 0.061041
0 0.945464 0.115165 0.026786 0.078756
0 0.967293 0.106942 0.028986 0.063934
0 0.748286 0.134556 0.033714 0.090431
0 0.798500 0.045635 0.019286 0.050508
0 0.722000 0.041701 0.024857 0.066497
0 0.690586 0.084137 0.020571 0.060152
