0 0.754676 0.757736 0.132657 0.136520
0 0.657782 0.817584 0.045523 0.060912
0 0.601192 0.706275 0.044226 0.052517
0 0.604310 0.799806 0.056736 0.045220
0 0.371998 0.573742 0.028222 0.032416
0 0.549195 0.614248 0.021318 0.027348
0 0.143692 0.658066 0.025711 0.026841
0 0.220533 0.660093 0.032615 0.035963
0 0.145199 0.787086 0.036464 0.044578
0 0.589958 0.503598 0.023849 0.031892
0 0.948107 0.566900 0.028849 0.034949
0 0.876287 0.388640 0.025711 0.031909
0 0.799456 0.444350 0.016318 0.023801
0 0.328410 0.505625 0.018828 0.023818
