0 0.493697 0.400046 0.529138 0.583149
0 0.750851 0.239985 0.060574 0.080790
0 0.844344 0.233215 0.048441 0.037528
0 0.876179 0.258744 0.031026 0.029241
0 0.694215 0.312410 0.030154 0.033600
0 0.734379 0.297359 0.016144 0.024441
0 0.708000 0.340887 0.028923 0.021610
0 0.750426 0.377954 0.019846 0.023867
0 0.726738 0.323836 0.021313 0.019241
0 0.732400 0.384974 0.018995 0.021436
0 0.772779 0.501138 0.044062 0.061210
0 0.737379 0.429272 0.015949 0.028718
0 0.754790 0.419431 0.024287 0.033015
0 0.132990 0.613538 0.070123 0.102544
0 0.279072 0.842154 0.116133 0.212636
0 0.098682 0.797523 0.051272 0.081446
0 0.313585 0.702133 0.045241 0.056554
0 0.442672 0.872718 0.066862 0.144021
