0 0.229361 0.465463 0.125614 0.123392
0 0.132713 0.584692 0.062769 0.062600
0 0.455150 0.447425 0.212456 0.172933
0 0.503271 0.578500 0.156416 0.139317
0 0.267406 0.621421 0.044311 0.051758
0 0.477162 0.687975 0.058985 0.072233
0 0.815564 0.623879 0.050877 0.054692
0 0.534561 0.786800 0.117494 0.114550
0 0.693183 0.768487 0.094637 0.107842
0 0.653177 0.793508 0.090714 0.100100
0 0.624568 0.733058 0.047055 0.047983
0 0.752531 0.771687 0.025514 0.032508
0 0.774223 0.701150 0.021028 0.015483
0 0.847820 0.754254 0.029850 0.034358
0 0.860727 0.784150 0.027820 0.024950
0 0.831992 0.779500 0.017794 0.023367
0 0.872588 0.619213 0.023947 0.019908
0 0.928709 0.658775 0.015714 0.014933
0 0.694637 0.612925 0.018170 0.015167
0 0.652036 0.605425 0.012419 0.012333
