0 0.154242 0.251844 0.021317 0.017111
0 0.579217 0.116500 0.024667 0.022667
0 0.614467 0.151467 0.026600 0.023556
0 0.605350 0.113128 0.023167 0.020900
0 0.897058 0.106628 0.018450 0.025211
0 0.559433 0.159961 0.024333 0.025878
0 0.961225 0.366617 0.077550 0.114278
0 0.479433 0.440350 0.304133 0.290833
0 0.490933 0.156856 0.016667 0.019667
0 0.734633 0.262833 0.047400 0.045444
0 0.794467 0.389483 0.072900 0.072700
0 0.180692 0.489806 0.031783 0.031567
0 0.952000 0.499233 0.074033 0.062311
0 0.282450 0.229456 0.021267 0.015889
0 0.251583 0.208678 0.020667 0.018556
0 0.289742 0.217067 0.022317 0.015556
0 0.466317 0.154706 0.017267 0.019900
0 0.235158 0.224844 0.021483 0.022667
0 0.207733 0.243283 0.017900 0.016700
